AUD_INCARCERATION_MULTIPLIER: 3.839285714285715
RACE_SEX_INCARCERATION_SELECTION_MULTIPLIER:
  ASIAN_FEMALE: 0.035908484661947265
  ASIAN_MALE: 0.5025397168485897
  BLACK_FEMALE: 0.5393876848985207
  BLACK_MALE: 8.919193139268026
  HISPANIC_FEMALE: 0.19002858202083261
  HISPANIC_MALE: 2.6594525138257263
  WHITE_FEMALE: 0.06994610709780989
  WHITE_MALE: 0.9788966921470849
SMOKING_INCARCERATION_MULTIPLIER: 5.631050130207205
